Difficulty,Title,Frequency,Acceptance Rate,Link,Topics
MEDIUM,Rotting Oranges,100.0,0.5661871540163392,https://leetcode.com/problems/rotting-oranges,"Array, Breadth-First Search, Matrix"
MEDIUM,Min Stack,88.8,0.5644516360179425,https://leetcode.com/problems/min-stack,"Stack, Design"
MEDIUM,Jump Game,88.8,0.39479219817692013,https://leetcode.com/problems/jump-game,"Array, Dynamic Programming, Greedy"

# Update 174
